$ 1 0.0000049999999999999996 4.43302224444953 45 169 50 5e-11
v 80 208 80 144 0 1 60 169.705627485 0 0 0.5
v 80 208 32 256 0 1 60 169.705627485 0 2.0943951023931953 0.5
v 80 208 128 256 0 1 60 169.705627485 0 4.1887902047863905 0.5
r 384 208 384 144 0 1000
w 80 144 384 144 0
r 384 208 336 256 0 1000
r 384 208 432 256 0 1000
w 128 256 336 256 0
w 32 256 32 288 0
w 32 288 432 288 0
w 432 288 432 256 0
w 80 208 192 208 0
w 384 208 288 208 0
s 192 208 288 208 0 0 false
x 111 133 158 136 4 12 Phase\sA
x 31 304 79 307 4 12 Phase\sC
x 138 250 185 253 4 12 Phase\sB
x 220 224 308 227 4 12 Neutral-Return
x -34 349 512 352 4 24 3\sPhase\sWye-to-Wye\sBalanced\sResistive\sLoad
o 1 64 0 4098 320 0.2 0 6 1 3 0 0 0 3 2 0 2 3
o 5 64 3 4102 320 0.2 1 7 5 0 5 3 3 0 3 3 6 0 6 3
