$ 1 0.0000625 0.529449005047003 50 5 50 5e-11
r 720 336 624 336 0 300
t 720 656 752 656 0 1 -1.7875209335754307 1.8875209334835792e-9 100 default
t 720 688 784 688 0 1 -1.7875209335754303 1.887520933483579e-9 100 default
t 720 720 816 720 0 1 -1.7875209335754298 1.8875209334835784e-9 100 default
t 720 752 848 752 0 1 -1.7875209335754298 1.8875209334835784e-9 100 default
t 720 784 880 784 0 1 -1.78752093357543 1.887520933483579e-9 100 default
t 720 816 912 816 0 1 -1.7875209335754294 1.887520933483578e-9 100 default
t 720 848 944 848 0 1 -1.7875209335754292 1.8875209334835776e-9 100 default
w 784 592 784 672 0
w 816 592 816 704 0
w 848 592 848 736 0
w 880 592 880 768 0
w 912 592 912 800 0
w 944 592 944 832 0
t 720 880 976 880 0 1 0.6301476727347018 0.6965147278399386 100 default
w 976 592 976 864 0
g 752 672 752 928 0 0
g 784 704 784 928 0 0
g 816 736 816 928 0 0
g 848 768 848 928 0 0
g 880 800 880 928 0 0
g 912 832 912 928 0 0
g 944 864 944 928 0 0
g 976 896 976 928 0 0
r 720 656 640 656 0 1000
r 720 688 640 688 0 1000
r 720 720 640 720 0 1000
r 720 752 640 752 0 1000
r 720 784 640 784 0 1000
r 720 816 640 816 0 1000
r 720 848 640 848 0 1000
r 720 880 640 880 0 1000
185 480 656 656 656 0 3
R 480 656 448 656 0 0 40 5 0 0 0.5
164 176 336 240 336 0 3 5 5 5 false 0
w 576 1008 576 944 0
w 544 976 544 944 0
R 176 336 144 336 1 2 500 2.5 2.5 0 0.5
g 176 400 176 432 0 0
! smiley 0 S2,S1,S0 A,B,C,D,E,F,G,H smiley\sgenerator 000\q00111100\n001\q01000010\n010\q10101001\n011\q10000101\n100\q10000101\n101\q10101001\n110\q01000010\n111\q00111100\n
208 528 336 624 336 0 smiley 0 0 5 5 5 5 0 0
w 272 336 304 336 0
w 304 336 304 1008 0
w 272 368 336 368 0
w 336 368 336 976 0
w 272 400 368 400 0
w 368 400 368 944 0
w 304 336 528 336 0
w 336 368 528 368 0
w 368 400 528 400 0
w 304 1008 576 1008 0
w 336 976 544 976 0
w 368 944 512 944 0
405 720 336 784 336 0 8 8
r 720 368 624 368 0 300
r 720 432 624 432 0 300
r 720 400 624 400 0 300
r 720 528 624 528 0 300
r 720 560 624 560 0 300
r 720 496 624 496 0 300
r 720 464 624 464 0 300
w 752 592 752 640 0
